0.000000000000000000e+00 0.000000000000000000e+00 0.000000000000000000e+00
-1.996925476835635749e+01 -1.997011790593049696e+01 -1.996560258115871989e+01
-1.998161119138124064e+01 -1.998233833963778494e+01 -1.998059048763390422e+01
-1.998441746228154159e+01 -1.998440100205456815e+01 -1.998391652082439762e+01
-1.998432648297271186e+01 -1.998376734049865888e+01 -1.998433757672567879e+01
-1.998254812708664474e+01 -1.998417473537507050e+01 -1.998330374345534111e+01
-1.998458046299064605e+01 -1.998429623161173296e+01 -1.998502834443749521e+01
-1.998606238017764625e+01 -1.998607423848137898e+01 -1.998376170599537360e+01
-1.998555336801375759e+01 -1.998535687988884391e+01 -1.998196212074282840e+01
-1.998148529218880043e+01 -1.998159170235066995e+01 -1.998061021198657272e+01
0.000000000000000000e+00 0.000000000000000000e+00 0.000000000000000000e+00
0.000000000000000000e+00 0.000000000000000000e+00 0.000000000000000000e+00
0.000000000000000000e+00 0.000000000000000000e+00 0.000000000000000000e+00
0.000000000000000000e+00 0.000000000000000000e+00 0.000000000000000000e+00
0.000000000000000000e+00 0.000000000000000000e+00 0.000000000000000000e+00
0.000000000000000000e+00 0.000000000000000000e+00 0.000000000000000000e+00
-1.997688087606756824e+01 -1.997542235349634510e+01 -1.997583029772482277e+01
-1.998276458014644064e+01 -1.998163793289963763e+01 -1.998190314331630546e+01
-1.998362244531156762e+01 -1.998381686620130182e+01 -1.998344423634019407e+01
-1.998352568058549394e+01 -1.998302069858114294e+01 -1.998281247993372745e+01
-1.998227016887354779e+01 -1.998194464777932211e+01 -1.998240325151515862e+01
-1.998262044067610077e+01 -1.998247637047037273e+01 -1.998257549844539227e+01
-1.998341917711417537e+01 -1.998657972946055139e+01 -1.998314375643784757e+01
-1.998698709957952957e+01 -1.998560277671186469e+01 -1.998501237873895064e+01
-1.998305019250208403e+01 -1.998288736900159890e+01 -1.998460483667474108e+01
-1.998016371857545437e+01 -1.998032224325345041e+01 -1.997971958452212604e+01
0.000000000000000000e+00 0.000000000000000000e+00 0.000000000000000000e+00
0.000000000000000000e+00 0.000000000000000000e+00 0.000000000000000000e+00
0.000000000000000000e+00 0.000000000000000000e+00 0.000000000000000000e+00
0.000000000000000000e+00 0.000000000000000000e+00 0.000000000000000000e+00
-9.560911688231117367e+00 -9.577298487632150525e+00 0.000000000000000000e+00
-1.997578097675803477e+01 -1.997711316183889707e+01 -1.997607336648121645e+01
-1.998300930321136804e+01 -1.998231615873209677e+01 -1.998329416826197402e+01
-1.998337344559202933e+01 -1.998365295959261800e+01 -1.998364716604086411e+01
-1.998391588356051329e+01 -1.998705443389853542e+01 -1.998620874958968585e+01
-1.999073242872076150e+01 -1.999076292105233321e+01 -1.998596783368106600e+01
-1.999144260357061853e+01 -1.999145376887048542e+01 -1.998281642447425099e+01
-1.999165475897051181e+01 -1.999162269001164205e+01 -1.997887780210908559e+01
-1.999155154037061166e+01 -1.999170360298196769e+01 -1.997471320107182891e+01
-1.998795196293297138e+01 -1.998799588611205280e+01 -1.997061155152088929e+01
-1.998148545962316192e+01 -1.998157455751156064e+01 -1.998016230777728452e+01
-1.997827744416679963e+01 -1.997813659953520471e+01 -1.997769722266964365e+01
0.000000000000000000e+00 0.000000000000000000e+00 0.000000000000000000e+00
0.000000000000000000e+00 0.000000000000000000e+00 0.000000000000000000e+00
0.000000000000000000e+00 0.000000000000000000e+00 0.000000000000000000e+00
-1.994210222536186095e+01 -1.993439641239675808e+01 -1.992814406472646738e+01
-1.998208246172870872e+01 -1.998082321903076419e+01 -1.998068568285450297e+01
-1.998390285513888642e+01 -1.998377455954204507e+01 -1.998379498037962421e+01
-1.998452023973146296e+01 -1.998655468688311032e+01 -1.998466107654382640e+01
-1.999086785949460676e+01 -1.998905785230682142e+01 -1.999091213503613318e+01
-1.998870850754074979e+01 -1.999226552195682061e+01 -1.999236217296675733e+01
-1.999400046795440034e+01 -1.999427767486485408e+01 -1.999324527246964678e+01
-1.999488846956238319e+01 -1.999395333445611556e+01 -1.999480512975229374e+01
-1.999411477126697889e+01 -1.999414736162946937e+01 -1.999471874316218845e+01
-1.999305079898776683e+01 -1.999309846609156693e+01 -1.996704375101018769e+01
-1.996446601668815646e+01 -1.998727885714315278e+01 -1.998763433922088950e+01
-1.997949837327793077e+01 -1.997923306102215690e+01 -1.997985458240634316e+01
-1.994767352106067548e+01 -1.995255831847861572e+01 -1.995059772699734779e+01
0.000000000000000000e+00 0.000000000000000000e+00 0.000000000000000000e+00
0.000000000000000000e+00 0.000000000000000000e+00 0.000000000000000000e+00
-1.996754014207165540e+01 -1.996614636492026307e+01 -1.996657867363811079e+01
-1.998220062153937349e+01 -1.998382786742406481e+01 -1.998376672909445517e+01
-1.998429263316851134e+01 -1.998456655031325369e+01 -1.998425877898924341e+01
-1.998781383275766643e+01 -1.998740379262206801e+01 -1.998903263410879561e+01
-1.999126929172637901e+01 -1.999233195129152563e+01 -1.999226022132089042e+01
-1.999502787191664765e+01 -1.999499027871477352e+01 -1.999523099436582996e+01
-1.999639780950301216e+01 -1.999637213468873043e+01 -1.999634404535017751e+01
-1.999635230978730149e+01 -1.999632058126952217e+01 -1.999634342957982369e+01
-1.999651333047401991e+01 -1.999657916348454023e+01 -1.999677381427655121e+01
-1.999537399470943200e+01 -1.999529429019865390e+01 -1.999531198605998839e+01
-1.999267007426679399e+01 -1.999272969814260748e+01 -1.996160016302203388e+01
-1.995909103548404318e+01 -1.998329153970036742e+01 -1.998184824487563560e+01
-1.997841758903049225e+01 -1.997873954017801879e+01 -1.997906022861064912e+01
0.000000000000000000e+00 0.000000000000000000e+00 0.000000000000000000e+00
0.000000000000000000e+00 0.000000000000000000e+00 0.000000000000000000e+00
-1.997122825709237404e+01 -1.996854193905089403e+01 -1.996938553622561940e+01
-1.998463038475679099e+01 -1.998464559427267773e+01 -1.998423397150489933e+01
-1.998681634021765063e+01 -1.998470175379578251e+01 -1.998542609925004854e+01
-1.998942743118148968e+01 -1.999183985168144062e+01 -1.999176006811489259e+01
-1.999208742762603919e+01 -1.999476604123520573e+01 -1.999460825757849847e+01
-1.999684305351592428e+01 -1.999702916122097207e+01 -1.999720116758834720e+01
-1.999788468371913552e+01 -1.999691848543511696e+01 -1.999788753799548857e+01
-1.999761796207155840e+01 -1.999759991289474215e+01 -1.999719860671560667e+01
-1.999739753951256915e+01 -1.999737959488125227e+01 -1.999699006879913910e+01
-1.999697792233711624e+01 -1.999701702637299050e+01 -1.999701626340405980e+01
-1.999530296204875413e+01 -1.999521660951285185e+01 -1.999497600061278391e+01
-1.999107943973197621e+01 -1.995885970032460222e+01 -1.999082997141598739e+01
-1.997965949158198384e+01 -1.997972520372303507e+01 -1.998037126910565320e+01
-1.983446523174536935e+01 -1.978405201364591193e+01 -1.981441125070707443e+01
0.000000000000000000e+00 0.000000000000000000e+00 0.000000000000000000e+00
-1.996671396596739356e+01 -1.996742211189624072e+01 -1.997004359207937085e+01
-1.998487848217517637e+01 -1.998486076566653580e+01 -1.998541541800754828e+01
-1.998520769285570964e+01 -1.998600200890187750e+01 -1.998617573761528377e+01
-1.999177651969986869e+01 -1.999208747313171841e+01 -1.999207572082329065e+01
-1.999222406320449963e+01 -1.999474857726346855e+01 -1.999480469205200706e+01
-1.999686100333074990e+01 -1.999722120375091095e+01 -1.999721623039151552e+01
-1.999712593313589082e+01 -1.999840781850890181e+01 -1.999882861720772809e+01
-1.999987181765916233e+01 -1.999987458618173264e+01 -1.999850989729820228e+01
-1.999744842748982165e+01 -1.999706687292998097e+01 -1.999750670642027117e+01
-1.999723778203770763e+01 -1.999718433770946291e+01 -1.999663993268286433e+01
-1.999622055368950413e+01 -1.999625729838491139e+01 -1.999629830557368138e+01
-1.999284192178922126e+01 -1.999285470485972382e+01 -1.995713901205616025e+01
-1.998090371583442248e+01 -1.998095725142372459e+01 -1.998041988152310466e+01
-1.995109196874305013e+01 -1.994533550869232386e+01 -1.995255190532994050e+01
0.000000000000000000e+00 0.000000000000000000e+00 0.000000000000000000e+00
-1.996105980791562473e+01 -1.995663633553433058e+01 -1.996261620817966076e+01
-1.998583464551326472e+01 -1.998554000362294758e+01 -1.998563531875459631e+01
-1.998630655364066655e+01 -1.998662348182965687e+01 -1.998666064500288897e+01
-1.998996503780999490e+01 -1.999013422338068580e+01 -1.999094961290397521e+01
-1.998964532387337556e+01 -1.999442120675835710e+01 -1.999440006400029901e+01
-1.999679886229750281e+01 -1.999675070880535444e+01 -1.999712823772296133e+01
-1.999780327763801679e+01 -1.999819556023805234e+01 -1.999819620324056046e+01
-1.999799977679554530e+01 -1.999998426636209103e+01 -1.999998423926988877e+01
-1.999825701893420771e+01 -1.999820009323205383e+01 -1.999731045038379307e+01
-1.999718201552341412e+01 -1.999720164226358321e+01 -1.999650637281031962e+01
-1.999655101278930047e+01 -1.999646284549861264e+01 -1.999291559766619741e+01
-1.999281923628313962e+01 -1.999267818569269650e+01 -1.995769889691082000e+01
-1.995453519039713086e+01 -1.998149403808545799e+01 -1.998160961736611796e+01
-1.995365456248280012e+01 -1.995468591722615059e+01 -1.994241882794432286e+01
0.000000000000000000e+00 0.000000000000000000e+00 0.000000000000000000e+00
-1.862356034180838904e+01 -1.885569928255899441e+01 -1.906990888156424546e+01
-1.998626605792414779e+01 -1.998617429716016503e+01 -1.998646478760061029e+01
-1.998605065896476418e+01 -1.998702621198925300e+01 -1.998720566629290829e+01
-1.998819309706808767e+01 -1.998776457926090444e+01 -1.998775381896668790e+01
-1.999415127727533559e+01 -1.999150356377847970e+01 -1.999413294000683550e+01
-1.999623871769106387e+01 -1.999632358867379622e+01 -1.999623117361384672e+01
-1.999737405366580845e+01 -1.999710347110188025e+01 -1.999708289396367178e+01
-1.999945517226357339e+01 -1.999739650464897522e+01 -1.999944900875070175e+01
-1.999711848148763949e+01 -1.999714613855653766e+01 -1.999710353768282545e+01
-1.999682920529108543e+01 -1.999683989318359778e+01 -1.999622656096757112e+01
-1.999627958745826106e+01 -1.998918601223511615e+01 -1.999631574962837988e+01
-1.999271869626334563e+01 -1.999285220737409219e+01 -1.996296418979744303e+01
-1.998386157769265026e+01 -1.995991088822561466e+01 -1.998465794377143112e+01
-1.995372995870558697e+01 -1.995241704117258763e+01 -1.994862961174858640e+01
0.000000000000000000e+00 0.000000000000000000e+00 0.000000000000000000e+00
0.000000000000000000e+00 0.000000000000000000e+00 0.000000000000000000e+00
-1.998570439198791604e+01 -1.998586756199375714e+01 -1.998564463687361226e+01
-1.998743865706917333e+01 -1.998654860152769430e+01 -1.998753945050625447e+01
-1.998696556870466878e+01 -1.998787862733715315e+01 -1.998798614285807673e+01
-1.999397442467466135e+01 -1.999308227964634099e+01 -1.999396808535777836e+01
-1.999360329265510217e+01 -1.999490610887967534e+01 -1.999496787363638717e+01
-1.999659387769366958e+01 -1.999653536888544636e+01 -1.999658459786239462e+01
-1.999668705339295016e+01 -1.999668195684407479e+01 -1.999662189530896228e+01
-1.999671622214523836e+01 -1.999677477232528844e+01 -1.999675580526107055e+01
-1.999635966693396227e+01 -1.999569068425240204e+01 -1.999634114285503017e+01
-1.999588847596780283e+01 -1.999581677942329350e+01 -1.998493442945522958e+01
-1.999293796751489083e+01 -1.999209418652817050e+01 -1.996493564393183817e+01
-1.998063261471427410e+01 -1.998018705690245866e+01 -1.997739660865956068e+01
-1.995100027202351356e+01 -1.995966257547015488e+01 -1.995080596459263234e+01
0.000000000000000000e+00 0.000000000000000000e+00 0.000000000000000000e+00
0.000000000000000000e+00 0.000000000000000000e+00 0.000000000000000000e+00
-1.998271061341981891e+01 -1.998196605129933801e+01 -1.998111602552646815e+01
-1.998264346026537552e+01 -1.998789630744912671e+01 -1.998789266726220859e+01
-1.998761598624885139e+01 -1.998825643361583104e+01 -1.998828419975381010e+01
-1.999132651595266452e+01 -1.999151918091970259e+01 -1.999243779535356680e+01
-1.999302622744476565e+01 -1.999438715720589954e+01 -1.999440496586676375e+01
-1.999444153236668242e+01 -1.999499319768594319e+01 -1.999501100881100513e+01
-1.999597310488219648e+01 -1.999503707760025151e+01 -1.999594904449928379e+01
-1.999598605217742886e+01 -1.999601019618463127e+01 -1.999503606261841782e+01
-1.999573127919926918e+01 -1.999419012120137396e+01 -1.999575112763999130e+01
-1.999364325488906857e+01 -1.998761774517272727e+01 -1.999372404715993667e+01
-1.999155956173765958e+01 -1.999166390496753110e+01 -1.996811072212568305e+01
-1.997889620124648502e+01 -1.997502948670323519e+01 -1.997830011686163232e+01
-1.996258886181089309e+01 -1.996463156574570164e+01 -1.995530696243081081e+01
0.000000000000000000e+00 0.000000000000000000e+00 0.000000000000000000e+00
0.000000000000000000e+00 0.000000000000000000e+00 0.000000000000000000e+00
-1.902686643250541820e+01 -1.923393742845130205e+01 -1.945358751046866885e+01
-1.998555639570431808e+01 -1.998740507852674497e+01 -1.998733735505054199e+01
-1.998677924482918300e+01 -1.998876550986260980e+01 -1.998880555600734965e+01
-1.998888327925440933e+01 -1.999019025635548630e+01 -1.998973048607053471e+01
-1.999279410538710877e+01 -1.999186908009635033e+01 -1.999260021437522994e+01
-1.999402031084774123e+01 -1.999371050741813605e+01 -1.999419170899523479e+01
-1.999391649937150461e+01 -1.999424169739392454e+01 -1.999424500818448536e+01
-1.999411550215875621e+01 -1.999417734172450167e+01 -1.999413064404236806e+01
-1.999327404962148336e+01 -1.999336190976343630e+01 -1.999326431934123960e+01
-1.991760245559387243e+01 -1.999293855936330644e+01 -1.999299363838510146e+01
-1.999101597711316103e+01 -1.997252972421725303e+01 -1.999033362386413160e+01
-1.998218275217370987e+01 -1.998280149002970063e+01 -1.997956258011593889e+01
-1.992350280400741269e+01 -1.990627491800700710e+01 -1.992581855514389844e+01
0.000000000000000000e+00 0.000000000000000000e+00 0.000000000000000000e+00
0.000000000000000000e+00 0.000000000000000000e+00 0.000000000000000000e+00
0.000000000000000000e+00 0.000000000000000000e+00 0.000000000000000000e+00
-1.998000620251111314e+01 -1.998122557904464003e+01 -1.998257052988133609e+01
-1.998687220254811336e+01 -1.998906148673267325e+01 -1.998915199227037931e+01
-1.998936120297425134e+01 -1.998943981767000011e+01 -1.998957802648577342e+01
-1.999059370215987386e+01 -1.999056752419726024e+01 -1.999066227011808650e+01
-1.999206423968555768e+01 -1.999197602923935690e+01 -1.999116717730624515e+01
-1.999178852606512180e+01 -1.999236599780250145e+01 -1.999232067177498351e+01
-1.999217406574711831e+01 -1.999285895891319598e+01 -1.999284257216734062e+01
-1.999259010339896037e+01 -1.995272468835032242e+01 -1.999264762716009614e+01
-1.999237720073717384e+01 -1.999235441481441455e+01 -1.997811169380989682e+01
-1.998903998539515214e+01 -1.998868711566469614e+01 -1.995236649153903130e+01
-1.996614811014053714e+01 -1.996714426390884967e+01 -1.996381528320083731e+01
-1.848321937000380188e+01 -1.840362030511417402e+01 -1.833908483277751955e+01
0.000000000000000000e+00 0.000000000000000000e+00 0.000000000000000000e+00
0.000000000000000000e+00 0.000000000000000000e+00 0.000000000000000000e+00
0.000000000000000000e+00 0.000000000000000000e+00 0.000000000000000000e+00
0.000000000000000000e+00 0.000000000000000000e+00 0.000000000000000000e+00
-1.998719694568710281e+01 -1.998692596154992884e+01 -1.998683608125418942e+01
-1.998662746356535536e+01 -1.999032162090418296e+01 -1.999019270535598025e+01
-1.999014821624811233e+01 -1.998997492056210845e+01 -1.999025437144170070e+01
-1.999050301397326734e+01 -1.999102789244033573e+01 -1.999092042996225871e+01
-1.999169265344170299e+01 -1.999184126821046092e+01 -1.999177577124185134e+01
-1.999207256525054532e+01 -1.997358597580035422e+01 -1.999196965470139986e+01
-1.997786391856838151e+01 -1.999198116548929960e+01 -1.999189397648681066e+01
-1.998849377547631079e+01 -1.998854547161993978e+01 -1.998518258697185246e+01
-1.997759948338051217e+01 -1.997736785844298169e+01 -1.997703604443066183e+01
-1.992828336764033281e+01 -1.994674803546564590e+01 -1.994631602070136012e+01
0.000000000000000000e+00 0.000000000000000000e+00 0.000000000000000000e+00
0.000000000000000000e+00 0.000000000000000000e+00 0.000000000000000000e+00
0.000000000000000000e+00 0.000000000000000000e+00 0.000000000000000000e+00
0.000000000000000000e+00 0.000000000000000000e+00 0.000000000000000000e+00
0.000000000000000000e+00 0.000000000000000000e+00 0.000000000000000000e+00
-1.494436208700025048e+01 -1.698650083313719250e+01 -1.488643479025902749e+01
-1.998831809113590197e+01 -1.998835370884276230e+01 -1.998764897615227554e+01
-1.998804309276918190e+01 -1.999153718171010752e+01 -1.999144534208667068e+01
-1.999093677315517681e+01 -1.999084625892133715e+01 -1.999092321051707444e+01
-1.998221348262715225e+01 -1.998985775737038750e+01 -1.998999677771060135e+01
-1.997285744307922073e+01 -1.999028564715558787e+01 -1.999027649059216216e+01
-1.998910519745479775e+01 -1.998913403085450824e+01 -1.998781453000029984e+01
-1.998066189083262856e+01 -1.997949586726986482e+01 -1.997944358688091526e+01
-1.997415199634700400e+01 -1.997344723116421505e+01 -1.997295488186860624e+01
-1.903513143772103078e+01 -1.931274832030722166e+01 -1.879285953135664755e+01
0.000000000000000000e+00 0.000000000000000000e+00 0.000000000000000000e+00
0.000000000000000000e+00 0.000000000000000000e+00 0.000000000000000000e+00
0.000000000000000000e+00 0.000000000000000000e+00 0.000000000000000000e+00
0.000000000000000000e+00 0.000000000000000000e+00 0.000000000000000000e+00
0.000000000000000000e+00 0.000000000000000000e+00 0.000000000000000000e+00
0.000000000000000000e+00 0.000000000000000000e+00 0.000000000000000000e+00
-1.995955506116599310e+01 -1.996327892088851286e+01 -1.995426502165133087e+01
-1.998913762759867296e+01 -1.998850163597931839e+01 -1.998919465497864678e+01
-1.998922683713108484e+01 -1.999194725704531450e+01 -1.999180302587615898e+01
-1.999066381268343662e+01 -1.999169828793207415e+01 -1.999174042113417826e+01
-1.999121069243516402e+01 -1.998690593335908972e+01 -1.999123907995119964e+01
-1.998877536890083562e+01 -1.998578899294236777e+01 -1.998790371827177381e+01
-1.997777936260580134e+01 -1.997826682943846777e+01 -1.997659085535063284e+01
-1.995917031226478144e+01 -1.995418174265174116e+01 -1.995891781529973841e+01
-1.794717094259198831e+01 -1.797801640401419832e+01 -1.785796661573934685e+01
0.000000000000000000e+00 0.000000000000000000e+00 0.000000000000000000e+00
0.000000000000000000e+00 0.000000000000000000e+00 0.000000000000000000e+00
0.000000000000000000e+00 0.000000000000000000e+00 0.000000000000000000e+00
0.000000000000000000e+00 0.000000000000000000e+00 0.000000000000000000e+00
0.000000000000000000e+00 0.000000000000000000e+00 0.000000000000000000e+00
0.000000000000000000e+00 0.000000000000000000e+00 0.000000000000000000e+00
0.000000000000000000e+00 0.000000000000000000e+00 0.000000000000000000e+00
-1.997649807143944400e+01 -1.998181997936930188e+01 -1.997567982722213031e+01
-1.998024002641054864e+01 -1.998700310585432049e+01 -1.998675800628687327e+01
-1.998597976056177572e+01 -1.998849133021224134e+01 -1.998753398202445553e+01
-1.998533392007799137e+01 -1.998497665039270998e+01 -1.998467483206799855e+01
-1.997983688723520146e+01 -1.997977132851816506e+01 -1.997442968240186190e+01
-1.997225336987846589e+01 -1.997240025978960176e+01 -1.996787041067478796e+01
-1.992744005889382919e+01 -1.992623730817991401e+01 -1.992023382962236866e+01
-1.451290999658625225e+01 -1.574688152966038146e+01 -1.526320561960195121e+01
0.000000000000000000e+00 0.000000000000000000e+00 0.000000000000000000e+00
0.000000000000000000e+00 0.000000000000000000e+00 0.000000000000000000e+00
0.000000000000000000e+00 0.000000000000000000e+00 0.000000000000000000e+00
0.000000000000000000e+00 0.000000000000000000e+00 0.000000000000000000e+00
0.000000000000000000e+00 0.000000000000000000e+00 0.000000000000000000e+00
0.000000000000000000e+00 0.000000000000000000e+00 0.000000000000000000e+00
0.000000000000000000e+00 0.000000000000000000e+00 0.000000000000000000e+00
0.000000000000000000e+00 0.000000000000000000e+00 0.000000000000000000e+00
-1.993112348186460636e+01 -1.991381213544800488e+01 -1.991777074578942930e+01
-1.997766208195782411e+01 -1.997741225399605014e+01 -1.997775572540551536e+01
-1.998039617221451891e+01 -1.998047795208790944e+01 -1.998012703959099667e+01
-1.997648967624877514e+01 -1.997620966400489451e+01 -1.997253357717276501e+01
-1.996233799623822947e+01 -1.996207009716158254e+01 -1.996291483073130735e+01
-1.991557433978634961e+01 -1.991530571211023926e+01 -1.991350103399398819e+01
-1.177274896091162759e+01 -1.228286062186403704e+01 -1.175498319591200058e+01
0.000000000000000000e+00 0.000000000000000000e+00 0.000000000000000000e+00
0.000000000000000000e+00 0.000000000000000000e+00 0.000000000000000000e+00
0.000000000000000000e+00 0.000000000000000000e+00 0.000000000000000000e+00
0.000000000000000000e+00 0.000000000000000000e+00 0.000000000000000000e+00
0.000000000000000000e+00 0.000000000000000000e+00 0.000000000000000000e+00
0.000000000000000000e+00 0.000000000000000000e+00 0.000000000000000000e+00
0.000000000000000000e+00 0.000000000000000000e+00 0.000000000000000000e+00
0.000000000000000000e+00 0.000000000000000000e+00 0.000000000000000000e+00
0.000000000000000000e+00 0.000000000000000000e+00 0.000000000000000000e+00
0.000000000000000000e+00 0.000000000000000000e+00 0.000000000000000000e+00
0.000000000000000000e+00 0.000000000000000000e+00 0.000000000000000000e+00
0.000000000000000000e+00 0.000000000000000000e+00 0.000000000000000000e+00
0.000000000000000000e+00 0.000000000000000000e+00 0.000000000000000000e+00
0.000000000000000000e+00 0.000000000000000000e+00 0.000000000000000000e+00
0.000000000000000000e+00 0.000000000000000000e+00 0.000000000000000000e+00
0.000000000000000000e+00 0.000000000000000000e+00 0.000000000000000000e+00
0.000000000000000000e+00 0.000000000000000000e+00 0.000000000000000000e+00
