1.822659372591129423e-01 1.674116008117149945e-01 1.672462063996966175e-01 1.588001402416577001e-01
9.923278141533577179e-02 1.025393048645670824e-01 7.445326313038515276e-02 1.496984410968440482e-01
1.468545670221753363e-01 9.799143937111867708e-02 9.090860264132921698e-02 8.136767080868764768e-02
5.021805500629825808e-02 2.344013839117208703e-03 5.204648673146213770e-04 1.191010887550858054e-03
2.102451852825013290e-01 1.571664892438194849e-01 1.315766156300773593e-01 1.211280407393209441e-01
0.000000000000000000e+00 0.000000000000000000e+00 0.000000000000000000e+00 0.000000000000000000e+00
1.854915103942207655e-01 1.112252043853539235e-01 1.281690808730480691e-01 2.679009352482593018e-02
0.000000000000000000e+00 0.000000000000000000e+00 0.000000000000000000e+00 0.000000000000000000e+00
1.638620500726852280e-01 1.947420809064069058e-01 1.802406976121827265e-01 2.639512050286769163e-01
2.215564708853140496e-01 3.596447187527944678e-01 2.891530709774423058e-01 2.179755100748231034e-01
4.002701894638394653e-01 3.295525510894847243e-01 2.622458595792157010e-01 1.650433557594754297e-01
0.000000000000000000e+00 0.000000000000000000e+00 0.000000000000000000e+00 0.000000000000000000e+00
0.000000000000000000e+00 0.000000000000000000e+00 0.000000000000000000e+00 0.000000000000000000e+00
2.779596539529237686e-01 3.946587641331651408e-01 5.200386411454479552e-01 3.213231582818968923e-01
4.985402951943100347e-01 7.451351168536035630e-01 6.874962449509482987e-01 6.148875264606021851e-01
0.000000000000000000e+00 0.000000000000000000e+00 0.000000000000000000e+00 0.000000000000000000e+00
